{
 "cells": [
  {
   "cell_type": "code",
   "execution_count": 19,
   "metadata": {},
   "outputs": [],
   "source": [
    "import pandas as pd\n",
    "import random \n",
    "cost_matrix = pd.read_csv('Cost_matrix10.csv',header=None)\n",
    "flow_matrix = pd.read_csv('Flow_matrix10.csv',header=None)"
   ]
  },
  {
   "cell_type": "code",
   "execution_count": 20,
   "metadata": {},
   "outputs": [],
   "source": [
    "def get_initial_solution(cost_matrix,flow_matrix,alpha,number_of_hubs):\n",
    "    hubs = []\n",
    "    solution = []\n",
    "    total_cost = 0\n",
    "    #randomly select certain number of hubs\n",
    "    while len(hubs)< number_of_hubs:\n",
    "        random_number = random.randint(0,9)\n",
    "        if random_number not in hubs:\n",
    "            hubs.append(random_number)\n",
    "    #allocate nodes to their nearest hubs\n",
    "    for i in range(len(cost_matrix)):\n",
    "        target_hub = hubs[0]\n",
    "        for hub in hubs:\n",
    "            if cost_matrix[i][hub]< cost_matrix[i][target_hub]:\n",
    "                target_hub = hub\n",
    "        solution.append(target_hub)\n",
    "    # calculate total_cost follow Spoke-Hub-Hub-spoke strategy\n",
    "    for i in range(len(flow_matrix)):\n",
    "        for j in range(len(flow_matrix)):\n",
    "            collection_cost = flow_matrix[i][j] * cost_matrix[i][solution[i]]\n",
    "            transportation_cost = flow_matrix[i][j] * cost_matrix[solution[i]][solution[j]] * alpha\n",
    "            distribution_cost = flow_matrix[i][j] * cost_matrix[solution[j]][j]\n",
    "            cost = collection_cost + transportation_cost + distribution_cost\n",
    "            total_cost += cost\n",
    "    return hubs,solution,total_cost"
   ]
  },
  {
   "cell_type": "code",
   "execution_count": 21,
   "metadata": {},
   "outputs": [
    {
     "data": {
      "text/plain": [
       "([4, 9, 7], [4, 4, 4, 4, 4, 4, 9, 7, 4, 9], 597649247.81556)"
      ]
     },
     "execution_count": 21,
     "metadata": {},
     "output_type": "execute_result"
    }
   ],
   "source": [
    "get_initial_solution(cost_matrix,flow_matrix,0.2,3)"
   ]
  },
  {
   "cell_type": "code",
   "execution_count": 22,
   "metadata": {},
   "outputs": [
    {
     "data": {
      "text/html": [
       "<div>\n",
       "<style scoped>\n",
       "    .dataframe tbody tr th:only-of-type {\n",
       "        vertical-align: middle;\n",
       "    }\n",
       "\n",
       "    .dataframe tbody tr th {\n",
       "        vertical-align: top;\n",
       "    }\n",
       "\n",
       "    .dataframe thead th {\n",
       "        text-align: right;\n",
       "    }\n",
       "</style>\n",
       "<table border=\"1\" class=\"dataframe\">\n",
       "  <thead>\n",
       "    <tr style=\"text-align: right;\">\n",
       "      <th></th>\n",
       "      <th>0</th>\n",
       "      <th>1</th>\n",
       "      <th>2</th>\n",
       "      <th>3</th>\n",
       "      <th>4</th>\n",
       "      <th>5</th>\n",
       "      <th>6</th>\n",
       "      <th>7</th>\n",
       "      <th>8</th>\n",
       "      <th>9</th>\n",
       "    </tr>\n",
       "  </thead>\n",
       "  <tbody>\n",
       "    <tr>\n",
       "      <td>0</td>\n",
       "      <td>0.0000</td>\n",
       "      <td>576.9631</td>\n",
       "      <td>946.4954</td>\n",
       "      <td>597.5972</td>\n",
       "      <td>373.8127</td>\n",
       "      <td>559.7673</td>\n",
       "      <td>709.0215</td>\n",
       "      <td>1208.3280</td>\n",
       "      <td>603.6477</td>\n",
       "      <td>695.2080</td>\n",
       "    </tr>\n",
       "    <tr>\n",
       "      <td>1</td>\n",
       "      <td>576.9631</td>\n",
       "      <td>0.0000</td>\n",
       "      <td>369.5327</td>\n",
       "      <td>613.0386</td>\n",
       "      <td>429.1079</td>\n",
       "      <td>312.8831</td>\n",
       "      <td>1196.4890</td>\n",
       "      <td>1502.1400</td>\n",
       "      <td>405.8975</td>\n",
       "      <td>1241.9610</td>\n",
       "    </tr>\n",
       "    <tr>\n",
       "      <td>2</td>\n",
       "      <td>946.4954</td>\n",
       "      <td>369.5327</td>\n",
       "      <td>0.0000</td>\n",
       "      <td>858.3308</td>\n",
       "      <td>749.6018</td>\n",
       "      <td>556.0706</td>\n",
       "      <td>1541.2730</td>\n",
       "      <td>1764.7910</td>\n",
       "      <td>621.3306</td>\n",
       "      <td>1603.1650</td>\n",
       "    </tr>\n",
       "    <tr>\n",
       "      <td>3</td>\n",
       "      <td>597.5972</td>\n",
       "      <td>613.0386</td>\n",
       "      <td>858.3308</td>\n",
       "      <td>0.0000</td>\n",
       "      <td>255.0303</td>\n",
       "      <td>311.3071</td>\n",
       "      <td>790.1213</td>\n",
       "      <td>907.4331</td>\n",
       "      <td>237.0703</td>\n",
       "      <td>932.2173</td>\n",
       "    </tr>\n",
       "    <tr>\n",
       "      <td>4</td>\n",
       "      <td>373.8127</td>\n",
       "      <td>429.1079</td>\n",
       "      <td>749.6018</td>\n",
       "      <td>255.0303</td>\n",
       "      <td>0.0000</td>\n",
       "      <td>225.8954</td>\n",
       "      <td>794.1726</td>\n",
       "      <td>1080.3740</td>\n",
       "      <td>238.9440</td>\n",
       "      <td>879.5647</td>\n",
       "    </tr>\n",
       "    <tr>\n",
       "      <td>5</td>\n",
       "      <td>559.7673</td>\n",
       "      <td>312.8831</td>\n",
       "      <td>556.0706</td>\n",
       "      <td>311.3071</td>\n",
       "      <td>225.8954</td>\n",
       "      <td>0.0000</td>\n",
       "      <td>1009.6890</td>\n",
       "      <td>1216.8680</td>\n",
       "      <td>94.2588</td>\n",
       "      <td>1104.5740</td>\n",
       "    </tr>\n",
       "    <tr>\n",
       "      <td>6</td>\n",
       "      <td>709.0215</td>\n",
       "      <td>1196.4890</td>\n",
       "      <td>1541.2730</td>\n",
       "      <td>790.1213</td>\n",
       "      <td>794.1726</td>\n",
       "      <td>1009.6890</td>\n",
       "      <td>0.0000</td>\n",
       "      <td>663.8762</td>\n",
       "      <td>982.7378</td>\n",
       "      <td>221.4220</td>\n",
       "    </tr>\n",
       "    <tr>\n",
       "      <td>7</td>\n",
       "      <td>1208.3280</td>\n",
       "      <td>1502.1400</td>\n",
       "      <td>1764.7910</td>\n",
       "      <td>907.4331</td>\n",
       "      <td>1080.3740</td>\n",
       "      <td>1216.8680</td>\n",
       "      <td>663.8762</td>\n",
       "      <td>0.0000</td>\n",
       "      <td>1143.7910</td>\n",
       "      <td>874.5181</td>\n",
       "    </tr>\n",
       "    <tr>\n",
       "      <td>8</td>\n",
       "      <td>603.6477</td>\n",
       "      <td>405.8975</td>\n",
       "      <td>621.3306</td>\n",
       "      <td>237.0703</td>\n",
       "      <td>238.9440</td>\n",
       "      <td>94.2588</td>\n",
       "      <td>982.7378</td>\n",
       "      <td>1143.7910</td>\n",
       "      <td>0.0000</td>\n",
       "      <td>1094.9060</td>\n",
       "    </tr>\n",
       "    <tr>\n",
       "      <td>9</td>\n",
       "      <td>695.2080</td>\n",
       "      <td>1241.9610</td>\n",
       "      <td>1603.1650</td>\n",
       "      <td>932.2173</td>\n",
       "      <td>879.5647</td>\n",
       "      <td>1104.5740</td>\n",
       "      <td>221.4220</td>\n",
       "      <td>874.5181</td>\n",
       "      <td>1094.9060</td>\n",
       "      <td>0.0000</td>\n",
       "    </tr>\n",
       "  </tbody>\n",
       "</table>\n",
       "</div>"
      ],
      "text/plain": [
       "           0          1          2         3          4          5          6  \\\n",
       "0     0.0000   576.9631   946.4954  597.5972   373.8127   559.7673   709.0215   \n",
       "1   576.9631     0.0000   369.5327  613.0386   429.1079   312.8831  1196.4890   \n",
       "2   946.4954   369.5327     0.0000  858.3308   749.6018   556.0706  1541.2730   \n",
       "3   597.5972   613.0386   858.3308    0.0000   255.0303   311.3071   790.1213   \n",
       "4   373.8127   429.1079   749.6018  255.0303     0.0000   225.8954   794.1726   \n",
       "5   559.7673   312.8831   556.0706  311.3071   225.8954     0.0000  1009.6890   \n",
       "6   709.0215  1196.4890  1541.2730  790.1213   794.1726  1009.6890     0.0000   \n",
       "7  1208.3280  1502.1400  1764.7910  907.4331  1080.3740  1216.8680   663.8762   \n",
       "8   603.6477   405.8975   621.3306  237.0703   238.9440    94.2588   982.7378   \n",
       "9   695.2080  1241.9610  1603.1650  932.2173   879.5647  1104.5740   221.4220   \n",
       "\n",
       "           7          8          9  \n",
       "0  1208.3280   603.6477   695.2080  \n",
       "1  1502.1400   405.8975  1241.9610  \n",
       "2  1764.7910   621.3306  1603.1650  \n",
       "3   907.4331   237.0703   932.2173  \n",
       "4  1080.3740   238.9440   879.5647  \n",
       "5  1216.8680    94.2588  1104.5740  \n",
       "6   663.8762   982.7378   221.4220  \n",
       "7     0.0000  1143.7910   874.5181  \n",
       "8  1143.7910     0.0000  1094.9060  \n",
       "9   874.5181  1094.9060     0.0000  "
      ]
     },
     "execution_count": 22,
     "metadata": {},
     "output_type": "execute_result"
    }
   ],
   "source": [
    "cost_matrix"
   ]
  },
  {
   "cell_type": "code",
   "execution_count": null,
   "metadata": {},
   "outputs": [],
   "source": []
  }
 ],
 "metadata": {
  "kernelspec": {
   "display_name": "Python 3",
   "language": "python",
   "name": "python3"
  },
  "language_info": {
   "codemirror_mode": {
    "name": "ipython",
    "version": 3
   },
   "file_extension": ".py",
   "mimetype": "text/x-python",
   "name": "python",
   "nbconvert_exporter": "python",
   "pygments_lexer": "ipython3",
   "version": "3.7.3"
  }
 },
 "nbformat": 4,
 "nbformat_minor": 2
}
